9
22
10
14
15
9
21
13
14
20
24
18
13
19
3
21
14
23
17
6
8
3
12
6
20
23
6
17
11
1
19
12
4
14
12
10
6
18
21
2
22
11
11
6
6
14
7
12
8
17
20
11
11
15
8
24
25
10
6
18
8
5
21
13
25
18
6
3
17
25
7
12
10
14
2
16
12
12
21
18
11
15
1
10
22
9
24
19
25
17
4
6
2
7
21
9
18
20
4
18
13
2
20
4
14
3
19
16
4
17
13
19
13
22
14
17
5
6
21
11
15
22
9
22
14
6
14
14
8
20
1
24
5
2
16
17
17
23
15
7
3
12
24
7
19
16
5
9
5
18
9
25
14
23
15
25
9
18
11
6
4
2
23
3
18
5
12
12
9
18
6
15
18
22
12
10
18
22
18
18
22
25
12
17
15
4
22
2
1
9
21
19
12
9
21
1
1
4
11
1
24
5
4
19
1
23
4
3
13
8
14
13
2
15
3
5
5
10
3
7
4
18
13
23
23
11
16
24
25
2
3
11
17
8
6
25
3
18
14
4
15
22
4
9
25
23
4
24
13
16
23
6
23
25
7
7
21
13
6
18
7
17
7
5
12
21
23
21
10
8
9
2
21
9
17
7
18
13
20
14
19
13
11
3
17
9
11
15
19
17
1
25
11
2
23
2
23
11
18
21
12
22
20
7
21
20
23
13
25
4
10
7
1
13
8
15
24
22
15
1
5
17
25
7
4
9
14
22
24
20
14
14
3
12
13
22
3
23
1
17
13
8
15
1
2
25
22
15
9
24
23
12
21
17
19
23
12
8
8
13
19
20
16
7
22
11
23
12
13
25
4
18
3
21
14
